position:
    - goal1: [2.621675, -2.892149, -1.507200]
    - goal2: [-4.100069,-2.896571,-0.074858]
    - goal3: [-1.792837,5.276688,-1.736328]

